638360900445870194
638360900445870193
638360900445870116
638360900445870115
638360900445870037
638360900445870036
638360900445869960
638360900445869958
638360900445869883
638360900445869882
638360900445869809
638360900445869807
638360900445869731
638360900445869729
638360900445869652
638360900445869651
638360900445869575
638360900445869574
638360900445869497
638360900445869496
638360900445869419
638360900445869418
638360900445869341
638360900445869340
638360900445869264
638360900445869263
638360900445869186
638360900445869185
638360900445869109
638360900445869107
638360900445869031
638360900445869029
638360900445868951
638360900445868950
638360900445868874
638360900445868872
638360900445868796
638360900445868794
638360900445868717
638360900445868716
638360900445868639
638360900445868638
638360900445868503
638360900445868501
638360900445868425
638360900445868424
638360900445868349
638360900445868348
638360900445868272
638360900445868270
638360900445868193
638360900445868192
638360900445868067
638360900445868065
638360900445867988
638360900445867986
638360900445867840
638360900445867823
638360900444745721
638360900444745719
638360900444745590
638360900444745588
638360900444745463
638360900444745461
638360900444745343
638360900444745341
638360900444745228
638360900444745226
638360900444745109
638360900444745106
638360900444744970
638360900444744968
638360900444744831
638360900444744828
638360900444744693
638360900444744691
638360900444744551
638360900444744549
638360900444744325
638360900444744322
638360900444744183
638360900444744181
638360900444744051
638360900444744048
638360900444743915
638360900444743913
638360900444743783
638360900444743781
638360900444743653
638360900444743651
638360900444743523
638360900444743521
638360900444743400
638360900444743398
638360900444743273
638360900444743271
638360900444743131
638360900444743128
638360900444742999
638360900444742997
638360900444742871
638360900444742869
638360900444742738
638360900444742736
638360900444742599
638360900444742597
638360900444742472
638360900444742470
638360900444742323
638360900444742320
638360900444742171
638360900444742168
638360900444742019
638360900444742016
638360900444741822
638360900444734791
638360900443594933
638360900443594931
638360900443594855
638360900443594854
638360900443594777
638360900443594776
638360900443594697
638360900443594696
638360900443594619
638360900443594617
638360900443594541
638360900443594540
638360900443594463
638360900443594461
638360900443594384
638360900443594383
638360900443594306
638360900443594304
638360900443594147
638360900443594146
638360900443594068
638360900443594066
638360900443593992
638360900443593991
638360900443593915
638360900443593913
638360900443593837
638360900443593836
638360900443593758
638360900443593757
638360900443593679
638360900443593678
638360900443593599
638360900443593598
638360900443593520
638360900443593519
638360900443593442
638360900443593440
638360900443593363
638360900443593362
638360900443593285
638360900443593284
638360900443593209
638360900443593207
638360900443593055
638360900443593054
638360900443592977
638360900443592976
638360900443592898
638360900443592896
638360900443592820
638360900443592819
638360900443592744
638360900443592742
638360900443592666
638360900443592664
638360900443592503
638360900443592473
638360900442462033
638360900442462032
638360900442461956
638360900442461954
638360900442461877
638360900442461875
638360900442461800
638360900442461799
638360900442461725
638360900442461724
638360900442461649
638360900442461648
638360900442461572
638360900442461570
638360900442461494
638360900442461493
638360900442461418
638360900442461417
638360900442461341
638360900442461339
638360900442461264
638360900442461263
638360900442461185
638360900442461184
638360900442461107
638360900442461106
638360900442461028
638360900442461026
638360900442460949
638360900442460947
638360900442460871
638360900442460870
638360900442460793
638360900442460792
638360900442460717
638360900442460715
638360900442460636
638360900442460635
638360900442460559
638360900442460557
638360900442460479
638360900442460477
638360900442460353
638360900442460352
638360900442460275
638360900442460274
638360900442460196
638360900442460195
638360900442460118
638360900442460116
638360900442460042
638360900442460041
638360900442459926
638360900442459925
638360900442459843
638360900442459842
638360900442459755
638360900442459726
638360900441338225
638360900441338223
638360900441338077
638360900441338075
638360900441337938
638360900441337936
638360900441337808
638360900441337806
638360900441337674
638360900441337672
638360900441337541
638360900441337538
638360900441337402
638360900441337399
638360900441337268
638360900441337265
638360900441337082
638360900441337080
638360900441336956
638360900441336954
638360900441336830
638360900441336828
638360900441336700
638360900441336698
638360900441336568
638360900441336566
638360900441336436
638360900441336434
638360900441336305
638360900441336302
638360900441336179
638360900441336177
638360900441336051
638360900441336049
638360900441335918
638360900441335916
638360900441335787
638360900441335784
638360900441335649
638360900441335647
638360900441335512
638360900441335510
638360900441335384
638360900441335382
638360900441335257
638360900441335255
638360900441335128
638360900441335126
638360900441334999
638360900441334996
638360900441334861
638360900441334859
638360900441334724
638360900441334722
638360900441334596
638360900441334594
638360900441334465
638360900441334463
638360900441334264
638360900441326312
638360900440196643
638360900440196641
638360900440196564
638360900440196562
638360900440196485
638360900440196484
638360900440196409
638360900440196408
638360900440196332
638360900440196330
638360900440196255
638360900440196254
638360900440196177
638360900440196175
638360900440196099
638360900440196097
638360900440195919
638360900440195917
638360900440195840
638360900440195839
638360900440195764
638360900440195762
638360900440195687
638360900440195686
638360900440195609
638360900440195607
638360900440195529
638360900440195528
638360900440195451
638360900440195449
638360900440195373
638360900440195372
638360900440195296
638360900440195295
638360900440195182
638360900440195180
638360900440195041
638360900440195038
638360900440194903
638360900440194901
638360900440194764
638360900440194762
638360900440194641
638360900440194639
638360900440194517
638360900440194514
638360900440194374
638360900440194371
638360900440194248
638360900440194246
638360900440194099
638360900440194096
638360900440193872
638360900440193869
638360900440193732
638360900440193729
638360900440193570
638360900440193550
638360900439062689
638360900439062688
638360900439062611
638360900439062609
638360900439062533
638360900439062531
638360900439062455
638360900439062453
638360900439062379
638360900439062378
638360900439062302
638360900439062300
638360900439062226
638360900439062224
638360900439062148
638360900439062146
638360900439062070
638360900439062068
638360900439061991
638360900439061989
638360900439061913
638360900439061912
638360900439061837
638360900439061836
638360900439061758
638360900439061757
638360900439061681
638360900439061679
638360900439061603
638360900439061601
638360900439061527
638360900439061526
638360900439061451
638360900439061449
638360900439061374
638360900439061372
638360900439061295
638360900439061294
638360900439061217
638360900439061216
638360900439061138
638360900439061137
638360900439061018
638360900439061016
638360900439060941
638360900439060940
638360900439060864
638360900439060863
638360900439060788
638360900439060786
638360900439060710
638360900439060709
638360900439060617
638360900439060615
638360900439060500
638360900439060498
638360900439060344
638360900439060328
638360900437927472
638360900437927471
638360900437927390
638360900437927389
638360900437927310
638360900437927309
638360900437927231
638360900437927229
638360900437927152
638360900437927150
638360900437927076
638360900437927074
638360900437926964
638360900437926963
638360900437926848
638360900437926846
638360900437926769
638360900437926768
638360900437926691
638360900437926690
638360900437926615
638360900437926613
638360900437926536
638360900437926534
638360900437926457
638360900437926456
638360900437926381
638360900437926379
638360900437926303
638360900437926302
638360900437926225
638360900437926223
638360900437926147
638360900437926145
638360900437926068
638360900437926067
638360900437925991
638360900437925989
638360900437925912
638360900437925911
638360900437925834
638360900437925832
638360900437925758
638360900437925756
638360900437925679
638360900437925678
638360900437925600
638360900437925599
638360900437925521
638360900437925520
638360900437925445
638360900437925444
638360900437925369
638360900437925367
638360900437925291
638360900437925290
638360900437925190
638360900437918325
638360900436787574
638360900436787573
638360900436787495
638360900436787494
638360900436787419
638360900436787417
638360900436787343
638360900436787341
638360900436787266
638360900436787264
638360900436787190
638360900436787188
638360900436787113
638360900436787111
638360900436787034
638360900436787033
638360900436786957
638360900436786956
638360900436786882
638360900436786881
638360900436786802
638360900436786801
638360900436786726
638360900436786724
638360900436786646
638360900436786644
638360900436786568
638360900436786566
638360900436786492
638360900436786490
638360900436786413
638360900436786411
638360900436786334
638360900436786332
638360900436786254
638360900436786253
638360900436786175
638360900436786173
638360900436786095
638360900436786094
638360900436786017
638360900436786016
638360900436785868
638360900436785867
638360900436785790
638360900436785789
638360900436785713
638360900436785711
638360900436785634
638360900436785632
638360900436785556
638360900436785554
638360900436785476
638360900436785474
638360900436785329
638360900436785327
638360900436785237
638360900436785208
638360900435654614
638360900435654612
638360900435654535
638360900435654534
638360900435654457
638360900435654456
638360900435654379
638360900435654378
638360900435654302
638360900435654300
638360900435654223
638360900435654222
638360900435654145
638360900435654144
638360900435654069
638360900435654067
638360900435653988
638360900435653987
638360900435653910
638360900435653909
638360900435653832
638360900435653831
638360900435653754
638360900435653753
638360900435653676
638360900435653674
638360900435653596
638360900435653594
638360900435653425
638360900435653423
638360900435653349
638360900435653348
638360900435653271
638360900435653270
638360900435653196
638360900435653194
638360900435653118
638360900435653117
638360900435653040
638360900435653039
638360900435652928
638360900435652927
638360900435652803
638360900435652801
638360900435652725
638360900435652724
638360900435652646
638360900435652644
638360900435652568
638360900435652566
638360900435652489
638360900435652487
638360900435652410
638360900435652409
638360900435652322
638360900435652321
638360900435652194
638360900435652192
638360900435651926
638360900435651914
638360900434530488
638360900434530486
638360900434530408
638360900434530407
638360900434530331
638360900434530330
638360900434530254
638360900434530253
638360900434530174
638360900434530173
638360900434530090
638360900434530088
638360900434530009
638360900434530008
638360900434529930
638360900434529929
638360900434529847
638360900434529846
638360900434529768
638360900434529767
638360900434529685
638360900434529683
638360900434529607
638360900434529606
638360900434529523
638360900434529522
638360900434529446
638360900434529445
638360900434529368
638360900434529367
638360900434529289
638360900434529287
638360900434529212
638360900434529210
638360900434529133
638360900434529131
638360900434529055
638360900434529052
638360900434528974
638360900434528972
638360900434528895
638360900434528894
638360900434528819
638360900434528817
638360900434528742
638360900434528740
638360900434528664
638360900434528662
638360900434528577
638360900434528575
638360900434528499
638360900434528498
638360900434528421
638360900434528420
638360900434528340
638360900434528338
638360900434528201
638360900434518778
638360900433389099
638360900433389097
638360900433389002
638360900433389000
638360900433388903
638360900433388901
638360900433388806
638360900433388805
638360900433388706
638360900433388704
638360900433388609
638360900433388607
638360900433388508
638360900433388506
638360900433388411
638360900433388409
638360900433388312
638360900433388310
638360900433388214
638360900433388212
638360900433388115
638360900433388113
638360900433388017
638360900433388015
638360900433387920
638360900433387918
638360900433387822
638360900433387820
638360900433387724
638360900433387722
638360900433387627
638360900433387625
638360900433387528
638360900433387526
638360900433387213
638360900433387211
638360900433387118
638360900433387116
638360900433387015
638360900433387013
638360900433386917
638360900433386916
638360900433386782
638360900433386780
638360900433386644
638360900433386642
638360900433386544
638360900433386542
638360900433386443
638360900433386442
638360900433386346
638360900433386344
638360900433386247
638360900433386245
638360900433386102
638360900433386100
638360900433385904
638360900433385896
638360900432256110
638360900432256108
638360900432256013
638360900432256011
638360900432255916
638360900432255914
638360900432255817
638360900432255815
638360900432255715
638360900432255713
638360900432255568
638360900432255566
638360900432255469
638360900432255467
638360900432255371
638360900432255369
638360900432255272
638360900432255270
638360900432255174
638360900432255172
638360900432255076
638360900432255074
638360900432254980
638360900432254978
638360900432254881
638360900432254879
638360900432254786
638360900432254784
638360900432254688
638360900432254685
638360900432254589
638360900432254587
638360900432254490
638360900432254488
638360900432254390
638360900432254388
638360900432254291
638360900432254289
638360900432254193
638360900432254190
638360900432254091
638360900432254089
638360900432253991
638360900432253989
638360900432253895
638360900432253893
638360900432253798
638360900432253796
638360900432253578
638360900432253576
638360900432253480
638360900432253478
638360900432253379
638360900432253377
638360900432253281
638360900432253278
638360900432253129
638360900432253073
638360900431142377
638360900431142375
638360900431142277
638360900431142276
638360900431142180
638360900431142178
638360900431142081
638360900431142079
638360900431141985
638360900431141983
638360900431141886
638360900431141884
638360900431141789
638360900431141787
638360900431141693
638360900431141692
638360900431141595
638360900431141593
638360900431141498
638360900431141497
638360900431141403
638360900431141376
638360900431141282
638360900431141280
638360900431141184
638360900431141182
638360900431141086
638360900431141083
638360900431140970
638360900431140959
638360900431140847
638360900431140845
638360900431140746
638360900431140744
638360900431140649
638360900431140647
638360900431140551
638360900431140549
638360900431140451
638360900431140449
638360900431140334
638360900431140332
638360900431140237
638360900431140235
638360900431140132
638360900431140129
638360900431140020
638360900431140018
638360900431139924
638360900431139922
638360900431139823
638360900431139821
638360900431139726
638360900431139723
638360900431139621
638360900431139619
638360900431139322
638360900431111242
638360900429982794
638360900429982791
638360900429982709
638360900429982707
638360900429982625
638360900429982621
638360900429982224
638360900429982222
638360900429982137
638360900429982136
638360900429982048
638360900429982046
638360900429981960
638360900429981959
638360900429981870
638360900429981868
638360900429981784
638360900429981780
638360900429981674
638360900429981667
638360900429981583
638360900429981581
638360900429981495
638360900429981493
638360900429981406
638360900429981404
638360900429981310
638360900429981304
638360900429981120
638360900429981119
638360900429980998
638360900429980996
638360900429980906
638360900429980905
638360900429980817
638360900429980814
638360900429980731
638360900429980729
638360900429980634
638360900429980632
638360900429980496
638360900429980494
638360900429980404
638360900429980392
638360900429980302
638360900429980298
638360900429980211
638360900429980209
638360900429980121
638360900429980119
638360900429979682
638360900429979678
638360900429979557
638360900429979555
638360900429979419
638360900429979415
638360900429979125
638360900429978902
638360900428872891
638360900428872890
638360900428872789
638360900428872787
638360900428872685
638360900428872683
638360900428872583
638360900428872581
638360900428872482
638360900428872480
638360900428872376
638360900428872375
638360900428872272
638360900428872271
638360900428872168
638360900428872167
638360900428872067
638360900428872066
638360900428871922
638360900428871919
638360900428871775
638360900428871774
638360900428871670
638360900428871669
638360900428871566
638360900428871565
638360900428871252
638360900428871250
638360900428871148
638360900428871146
638360900428871043
638360900428871041
638360900428870942
638360900428870941
638360900428870840
638360900428870837
638360900428870734
638360900428870732
638360900428870628
638360900428870627
638360900428870527
638360900428870525
638360900428870425
638360900428870423
638360900428870319
638360900428870318
638360900428870216
638360900428870213
638360900428870108
638360900428870106
638360900428869989
638360900428869987
638360900428869887
638360900428869885
638360900428869780
638360900428869770
638360900428869413
638360900428863317